1250,0,0.3048,71.3,0.00266337,125.951
2000,2,0.2286,71.3,0.00293031,126.896
5000,22.2,0.0254,39.6,0.0229028,118.816
500,3,0.3048,71.3,0.00425727,128.454
630,7.3,0.2286,31.7,0.0132672,126.189
4000,9.9,0.1524,31.7,0.0252785,111.459
200,9.9,0.1524,31.7,0.0252785,127.299
400,5.4,0.1524,39.6,0.00485029,127.637
630,6.7,0.1016,55.5,0.0052139,133.023
2500,12.3,0.1016,71.3,0.0337792,121.318
630,9.5,0.0254,31.7,0.00461377,129.006
1000,0,0.0508,55.5,0.00076193,125.586
1000,0,0.1016,31.7,0.00150092,131.313
3150,0,0.0508,55.5,0.00076193,134.826
1000,0,0.1524,39.6,0.00193287,130.033
800,12.3,0.1016,31.7,0.0418756,120.037
2000,12.3,0.1016,31.7,0.0418756,110.447
400,7.3,0.2286,31.7,0.0132672,130.269
1000,5.4,0.1524,71.3,0.00401199,133.201
1000,12.7,0.0254,71.3,0.0121808,131.698
1600,3,0.3048,31.7,0.00529514,122.088
3150,5.4,0.1524,55.5,0.00433288,121.587
8000,2.7,0.1524,39.6,0.00294804,116.659
800,8.4,0.0508,55.5,0.00544854,128.562
8000,0,0.2286,71.3,0.00214345,118.024
1000,0,0.0508,31.7,0.000812164,126.78
1250,6.7,0.1016,31.7,0.00592927,129.256
800,0,0.2286,39.6,0.00253511,130.205
8000,4.8,0.0254,55.5,0.000873218,132.184
1600,0,0.2286,31.7,0.0027238,125.625
3150,3,0.3048,71.3,0.00425727,121.514
800,19.7,0.0508,39.6,0.036484,119.174
200,19.7,0.0508,39.6,0.036484,125.974
1600,0,0.3048,39.6,0.00310138,124.049
200,7.3,0.2286,39.6,0.0123481,130.989
2000,4,0.3048,71.3,0.00497773,124.395
1250,3,0.3048,39.6,0.00495741,125.802
315,0,0.3048,31.7,0.00331266,122.765
1250,9.9,0.1524,39.6,0.0233328,120.555
2500,3,0.3048,55.5,0.00452492,122.439
1600,12.7,0.0254,71.3,0.0121808,134.528
400,0,0.2286,39.6,0.00253511,123.565
400,22.2,0.0254,39.6,0.0229028,123.416
1000,4,0.2286,39.6,0.00473801,129.969
1600,5.4,0.1524,55.5,0.00433288,130.567
1600,17.4,0.0254,55.5,0.0165706,126.471
5000,15.4,0.0508,31.7,0.0289853,112.355
1250,8.9,0.1016,71.3,0.0103088,132.793
3150,3,0.3048,55.5,0.00452492,120.189
5000,5.3,0.2286,71.3,0.0051942,118.05
500,7.2,0.1524,71.3,0.00752039,132.043
5000,0,0.1524,55.5,0.00172668,125.203
500,0,0.3048,55.5,0.00283081,126.416
400,7.3,0.2286,71.3,0.0104404,139.438
500,7.3,0.2286,39.6,0.0123481,130.299
4000,3,0.3048,55.5,0.00452492,118.689
250,15.4,0.0508,55.5,0.0271925,124.17
2500,8.9,0.1016,71.3,0.0103088,123.623
10000,5.3,0.2286,71.3,0.0051942,111.35
2500,0,0.1524,55.5,0.00172668,127.763
1000,15.4,0.0508,39.6,0.0282593,127.893
3150,7.3,0.2286,71.3,0.0104404,120.458
16000,2.7,0.1524,71.3,0.00243851,110.364
315,12.3,0.1016,31.7,0.0418756,124.717
630,4,0.2286,31.7,0.00509068,130.349
500,12.7,0.0254,71.3,0.0121808,126.898
6300,7.3,0.2286,39.6,0.0123481,110.839
2500,4.8,0.0254,71.3,0.000848633,130.828
2500,6.7,0.1016,71.3,0.00478288,131.458
1600,12.3,0.1016,71.3,0.0337792,124.748
10000,0,0.3048,55.5,0.00283081,113.076
4000,0,0.0254,71.3,0.000400682,138.557
10000,4.8,0.0254,71.3,0.000848633,127.398
16000,0,0.0254,31.7,0.000439472,125.627
5000,4.8,0.0254,39.6,0.000907475,135.426
200,15.4,0.0508,39.6,0.0282593,121.783
500,3,0.3048,31.7,0.00529514,127.548
3150,9.9,0.1524,55.5,0.0208438,115.085
3150,12.3,0.1016,31.7,0.0418756,110.307
1600,12.3,0.1016,31.7,0.0418756,114.477
800,15.4,0.0508,71.3,0.0264269,131.515
8000,0,0.3048,31.7,0.00331266,110.515
500,4.8,0.0254,39.6,0.000907475,116.366
1600,4.8,0.0254,55.5,0.000873218,121.474
250,15.4,0.0508,71.3,0.0264269,124.835
1600,6.7,0.1016,55.5,0.0052139,133.653
1000,0,0.3048,31.7,0.00331266,127.365
800,2,0.2286,71.3,0.00293031,128.216
1600,9.5,0.0254,71.3,0.00420654,133.756
4000,12.3,0.1016,71.3,0.0337792,118.018
800,9.9,0.1524,71.3,0.0193001,128.879
5000,5.3,0.2286,39.6,0.00614329,115.311
800,2.7,0.1524,71.3,0.00243851,127.394
2000,12.3,0.1016,71.3,0.0337792,122.218
2500,8.4,0.0508,39.6,0.00566229,127.465
630,15.4,0.0508,39.6,0.0282593,127.443
6300,9.5,0.0254,39.6,0.00449821,120.324
315,3,0.3048,31.7,0.00529514,123.118
1250,15.4,0.0508,71.3,0.0264269,130.845
800,4.8,0.0254,39.6,0.000907475,120.766
630,9.5,0.0254,55.5,0.0043284,125.452
4000,11.2,0.0508,39.6,0.0150478,115.52
4000,4.8,0.0254,31.7,0.000930789,135.328
630,2.7,0.1524,39.6,0.00294804,125.809
2500,0,0.2286,71.3,0.00214345,128.354
630,3,0.3048,55.5,0.00452492,129.569
630,4,0.3048,39.6,0.00579636,131.073
2000,4,0.3048,39.6,0.00579636,120.963
250,7.3,0.2286,39.6,0.0123481,131.889
630,0,0.1016,39.6,0.00146332,125.401
1250,0,0.0508,71.3,0.000740478,128.56
3150,2,0.2286,31.7,0.00372371,121.527
2500,4,0.3048,71.3,0.00497773,123.775
5000,0,0.0254,71.3,0.000400682,136.837
800,6.7,0.1016,31.7,0.00592927,132.886
500,19.7,0.0508,39.6,0.036484,128.444
2500,3.3,0.1016,39.6,0.00245138,130.791
800,12.7,0.0254,39.6,0.0130253,130.217
2000,3,0.3048,31.7,0.00529514,120.088
3150,15.4,0.0508,31.7,0.0289853,118.045
1000,6.7,0.1016,31.7,0.00592927,131.636
500,22.2,0.0254,71.3,0.0214178,117.967
630,6.7,0.1016,39.6,0.00578076,133.355
2500,17.4,0.0254,39.6,0.0172206,124.154
4000,0,0.0254,39.6,0.000428464,135.346
315,9.9,0.1524,55.5,0.0208438,132.355
1600,0,0.0508,55.5,0.00076193,128.576
6300,7.3,0.2286,55.5,0.0111706,111.534
6300,0,0.1016,39.6,0.00146332,125.631
5000,2,0.2286,31.7,0.00372371,118.267
2500,12.7,0.0254,39.6,0.0130253,129.027
2500,9.9,0.1524,71.3,0.0193001,119.639
1250,7.2,0.1524,71.3,0.00752039,132.513
315,7.3,0.2286,55.5,0.0111706,136.284
1600,4.8,0.0254,39.6,0.000907475,125.966
1000,19.7,0.0508,71.3,0.0341183,121.885
2000,12.3,0.1016,39.6,0.0408268,114.085
8000,0,0.3048,55.5,0.00283081,116.476
800,0,0.1524,31.7,0.00209405,129.117
630,17.4,0.0254,55.5,0.0165706,122.411
6300,8.9,0.1016,39.6,0.0124596,113.11
6300,3.3,0.1016,39.6,0.00245138,120.851
2500,0,0.3048,71.3,0.00266337,125.571
500,2.7,0.1524,39.6,0.00294804,121.009
16000,0,0.0254,55.5,0.00041229,125.683
2000,6.7,0.1016,31.7,0.00592927,120.446
250,0,0.3048,39.6,0.00310138,119.319
8000,4,0.2286,39.6,0.00473801,113.129
5000,17.4,0.0254,71.3,0.016104,123.126
2500,3.3,0.1016,71.3,0.00202822,133.894
3150,12.3,0.1016,55.5,0.0368233,116.914
2000,4,0.2286,55.5,0.0042862,124.254
3150,0,0.3048,31.7,0.00331266,119.135
6300,0,0.3048,39.6,0.00310138,116.229
12500,0,0.0508,39.6,0.000791822,123.988
630,3.3,0.1016,31.7,0.00251435,128.952
1250,9.9,0.1524,55.5,0.0208438,121.635
630,3,0.3048,31.7,0.00529514,128.698
500,15.4,0.0508,71.3,0.0264269,127.285
800,9.9,0.1524,55.5,0.0208438,126.565
500,7.3,0.2286,55.5,0.0111706,133.174
315,19.7,0.0508,71.3,0.0341183,121.235
12500,4,0.2286,71.3,0.00400603,114.258
630,7.2,0.1524,71.3,0.00752039,134.853
630,12.3,0.1016,55.5,0.0368233,124.244
400,7.3,0.2286,39.6,0.0123481,132.039
1000,19.7,0.0508,39.6,0.036484,118.904
3150,1.5,0.3048,39.6,0.00392107,119.111
6300,17.4,0.0254,71.3,0.016104,119.916
315,9.5,0.0254,39.6,0.00449821,119.294
2500,0,0.1016,55.5,0.00131983,133.04
3150,0,0.1524,71.3,0.0015988,129.377
250,12.6,0.1524,71.3,0.0483159,129.744
400,3,0.3048,31.7,0.00529514,125.398
1600,22.2,0.0254,39.6,0.0229028,122.216
5000,9.5,0.0254,31.7,0.00461377,124.426
800,22.2,0.0254,71.3,0.0214178,123.227
400,3,0.3048,39.6,0.00495741,125.472
2000,3,0.3048,55.5,0.00452492,123.069
3150,11.2,0.0508,71.3,0.014072,127.141
400,5.4,0.1524,55.5,0.00433288,126.807
2500,4.8,0.0254,39.6,0.000907475,131.236
250,7.3,0.2286,31.7,0.0132672,130.089
400,7.2,0.1524,39.6,0.00909175,132.118
5000,0,0.2286,55.5,0.00229336,122.41
4000,0,0.1016,39.6,0.00146332,127.801
315,12.7,0.0254,71.3,0.0121808,122.938
250,0,0.3048,31.7,0.00331266,118.595
1250,5.4,0.1524,55.5,0.00433288,130.777
2000,9.5,0.0254,71.3,0.00420654,134.976
1600,0,0.2286,39.6,0.00253511,127.095
800,9.5,0.0254,39.6,0.00449821,129.014
2000,12.6,0.1524,39.6,0.0584113,109.52
200,9.9,0.1524,55.5,0.0208438,131.955
1250,15.6,0.1016,71.3,0.0437259,123.178
800,0,0.0508,39.6,0.000791822,126.508
12500,4.8,0.0254,71.3,0.000848633,127.688
6300,0,0.2286,55.5,0.00229336,118.41
3150,5.3,0.2286,71.3,0.0051942,123.12
2000,3.3,0.1016,55.5,0.002211,133.649
8000,3,0.3048,39.6,0.00495741,110.652
10000,3,0.3048,71.3,0.00425727,110.224
2500,1.5,0.3048,71.3,0.00336729,124.512
800,5.4,0.1524,71.3,0.00401199,131.281
1000,12.6,0.1524,71.3,0.0483159,122.044
3150,1.5,0.3048,71.3,0.00336729,123.392
630,6.7,0.1016,31.7,0.00592927,132.116
1250,0,0.3048,55.5,0.00283081,126.086
500,15.4,0.0508,31.7,0.0289853,123.695
315,7.2,0.1524,71.3,0.00752039,128.713
12500,0,0.0254,55.5,0.00041229,131.453
500,5.3,0.2286,71.3,0.0051942,129.88
4000,15.6,0.1016,39.6,0.0528487,106.604
5000,7.3,0.2286,55.5,0.0111706,113.144
800,19.7,0.0508,71.3,0.0341183,124.555
800,0,0.0508,31.7,0.000812164,122.79
315,4,0.2286,39.6,0.00473801,122.229
4000,8.4,0.0508,55.5,0.00544854,122.612
800,0,0.1016,71.3,0.00121072,126.805
800,11.2,0.0508,71.3,0.014072,136.031
2000,7.3,0.2286,31.7,0.0132672,115.309
1600,0,0.3048,31.7,0.00331266,122.365
1600,7.2,0.1524,39.6,0.00909175,120.058
2000,0,0.3048,71.3,0.00266337,127.461
5000,0,0.1524,71.3,0.0015988,126.457
2500,22.2,0.0254,71.3,0.0214178,126.097
800,8.4,0.0508,31.7,0.00580776,128.246
250,9.9,0.1524,39.6,0.0233328,128.335
315,15.4,0.0508,31.7,0.0289853,122.845
315,17.4,0.0254,71.3,0.016104,115.846
315,17.4,0.0254,31.7,0.0176631,118.416
400,11.2,0.0508,39.6,0.0150478,130.67
630,19.7,0.0508,39.6,0.036484,120.324
4000,4,0.2286,55.5,0.0042862,120.654
400,12.3,0.1016,39.6,0.0408268,128.265
1600,4,0.3048,71.3,0.00497773,126.645
2500,7.3,0.2286,31.7,0.0132672,114.709
630,7.2,0.1524,39.6,0.00909175,133.198
1250,12.3,0.1016,39.6,0.0408268,121.165
6300,5.3,0.2286,71.3,0.0051942,116.92
1600,4,0.2286,71.3,0.00400603,129.468
4000,8.4,0.0508,31.7,0.00580776,118.106
1000,9.5,0.0254,39.6,0.00449821,130.374
2500,12.3,0.1016,39.6,0.0408268,113.315
6300,1.5,0.3048,71.3,0.00336729,118.122
1600,3.3,0.1016,39.6,0.00245138,133.071
1600,2.7,0.1524,39.6,0.00294804,130.049
12500,0,0.3048,55.5,0.00283081,111.076
630,8.4,0.0508,31.7,0.00580776,125.856
400,22.2,0.0254,71.3,0.0214178,117.927
8000,3,0.3048,71.3,0.00425727,114.634
1600,4.2,0.0508,71.3,0.00142788,124.318
2500,0,0.1524,71.3,0.0015988,128.127
4000,0,0.2286,55.5,0.00229336,123.41
2500,2.7,0.1524,71.3,0.00243851,128.334
2500,8.4,0.0508,55.5,0.00544854,131.542
1600,0,0.1524,31.7,0.00209405,130.817
2500,0,0.1016,31.7,0.00150092,132.003
1000,0,0.2286,39.6,0.00253511,130.435
800,9.9,0.1524,39.6,0.0233328,126.345
1000,17.4,0.0254,71.3,0.016104,125.816
2000,9.9,0.1524,55.5,0.0208438,119.505
630,12.3,0.1016,71.3,0.0337792,135.368
10000,0,0.0508,31.7,0.000812164,122.45
1600,15.4,0.0508,39.6,0.0282593,124.843
500,4,0.2286,71.3,0.00400603,126.758
1600,8.4,0.0508,31.7,0.00580776,129.296
400,2,0.2286,71.3,0.00293031,125.116
1600,8.4,0.0508,71.3,0.00529514,133.846
200,12.3,0.1016,71.3,0.0337792,130.588
3150,0,0.1016,31.7,0.00150092,129.973
4000,0,0.1524,31.7,0.00209405,123.807
500,15.6,0.1016,39.6,0.0528487,115.304
800,15.6,0.1016,39.6,0.0528487,118.964
3150,15.6,0.1016,71.3,0.0437259,116.468
3150,0,0.3048,71.3,0.00266337,125.201
2000,22.2,0.0254,39.6,0.0229028,121.256
3150,7.3,0.2286,31.7,0.0132672,113.229
3150,15.4,0.0508,71.3,0.0264269,125.715
630,22.2,0.0254,39.6,0.0229028,137.026
630,5.3,0.2286,39.6,0.00614329,132.011
2500,7.2,0.1524,39.6,0.00909175,117.478
6300,0,0.0508,39.6,0.000791822,131.918
5000,9.9,0.1524,55.5,0.0208438,112.065
4000,17.4,0.0254,39.6,0.0172206,122.724
2000,0,0.1016,55.5,0.00131983,132.54
2000,19.7,0.0508,71.3,0.0341183,120.055
1250,9.9,0.1524,71.3,0.0193001,122.679
400,9.5,0.0254,31.7,0.00461377,124.756
16000,4,0.2286,71.3,0.00400603,112.768
16000,4.8,0.0254,71.3,0.000848633,124.208
4000,4,0.3048,39.6,0.00579636,115.863
200,17.4,0.0254,55.5,0.0165706,109.951
3150,0,0.0508,71.3,0.000740478,135.07
6300,5.4,0.1524,39.6,0.00485029,116.677
250,4,0.3048,71.3,0.00497773,126.395
3150,12.3,0.1016,39.6,0.0408268,113.055
1600,17.4,0.0254,31.7,0.0176631,126.846
1600,0,0.3048,55.5,0.00283081,126.986
1000,2,0.2286,39.6,0.00346574,129.147
1250,17.4,0.0254,55.5,0.0165706,129.301
6300,5.4,0.1524,31.7,0.00525474,115.591
315,15.4,0.0508,71.3,0.0264269,126.195
630,12.7,0.0254,71.3,0.0121808,128.878
315,17.4,0.0254,39.6,0.0172206,115.144
800,7.2,0.1524,39.6,0.00909175,132.358
4000,3,0.3048,31.7,0.00529514,115.608
1000,9.5,0.0254,55.5,0.0043284,130.332
1000,0,0.1016,71.3,0.00121072,128.825
1600,5.3,0.2286,39.6,0.00614329,123.081
12500,0,0.3048,71.3,0.00266337,112.241
250,9.9,0.1524,55.5,0.0208438,133.235
2000,7.2,0.1524,71.3,0.00752039,128.643
500,4,0.2286,55.5,0.0042862,127.314
1250,4,0.3048,39.6,0.00579636,126.343
800,12.3,0.1016,39.6,0.0408268,122.315
5000,7.2,0.1524,39.6,0.00909175,113.288
12500,0,0.0254,31.7,0.000439472,128.977
8000,3.3,0.1016,39.6,0.00245138,118.091
500,0,0.3048,31.7,0.00331266,127.315
200,7.3,0.2286,71.3,0.0104404,138.758
1250,5.4,0.1524,31.7,0.00525474,123.991
5000,5.4,0.1524,31.7,0.00525474,115.691
400,9.9,0.1524,39.6,0.0233328,128.345
4000,19.7,0.0508,71.3,0.0341183,113.045
4000,3.3,0.1016,55.5,0.002211,127.229
8000,0,0.0254,55.5,0.00041229,136.163
2500,5.4,0.1524,71.3,0.00401199,127.591
315,12.6,0.1524,71.3,0.0483159,128.484
4000,5.4,0.1524,31.7,0.00525474,116.181
200,7.3,0.2286,55.5,0.0111706,135.234
250,12.6,0.1524,39.6,0.0584113,115.89
500,4,0.2286,39.6,0.00473801,127.039
1250,12.3,0.1016,31.7,0.0418756,118.767
3150,4,0.2286,71.3,0.00400603,124.108
800,3,0.3048,31.7,0.00529514,128.708
4000,12.3,0.1016,55.5,0.0368233,114.404
400,9.5,0.0254,39.6,0.00449821,121.154
1000,8.4,0.0508,39.6,0.00566229,130.195
1000,0,0.1524,31.7,0.00209405,130.987
630,0,0.1016,71.3,0.00121072,124.155
630,0,0.1524,31.7,0.00209405,125.997
630,8.4,0.0508,55.5,0.00544854,126.152
1000,2.7,0.1524,71.3,0.00243851,128.774
500,15.4,0.0508,55.5,0.0271925,127.22
2000,0,0.1016,31.7,0.00150092,133.153
1600,7.2,0.1524,71.3,0.00752039,130.893
2000,3,0.3048,39.6,0.00495741,120.532
1600,4,0.2286,55.5,0.0042862,128.264
800,17.4,0.0254,71.3,0.016104,124.276
10000,0,0.2286,71.3,0.00214345,118.134
630,4.8,0.0254,39.6,0.000907475,118.696
800,17.4,0.0254,55.5,0.0165706,123.091
2000,4.8,0.0254,31.7,0.000930789,130.148
4000,3.3,0.1016,39.6,0.00245138,124.881
1600,0,0.0254,39.6,0.000428464,124.156
10000,1.5,0.3048,39.6,0.00392107,108.991
200,12.6,0.1524,71.3,0.0483159,128.354
8000,4.8,0.0254,39.6,0.000907475,131.346
630,9.5,0.0254,39.6,0.00449821,126.514
630,4,0.3048,71.3,0.00497773,131.615
6300,0,0.1524,31.7,0.00209405,119.737
2500,4.2,0.0508,71.3,0.00142788,131.978
6300,0,0.1016,55.5,0.00131983,127.73
5000,0,0.1016,39.6,0.00146332,126.021
400,12.7,0.0254,39.6,0.0130253,125.527
200,12.3,0.1016,31.7,0.0418756,124.987
5000,15.4,0.0508,55.5,0.0271925,117.11
5000,3,0.3048,55.5,0.00452492,117.309
4000,0,0.1524,39.6,0.00193287,125.343
2000,5.3,0.2286,39.6,0.00614329,117.911
630,4,0.2286,55.5,0.0042862,129.964
5000,9.5,0.0254,71.3,0.00420654,131.186
2000,0,0.1524,71.3,0.0015988,128.647
5000,0,0.0508,71.3,0.000740478,134.43
1250,4.2,0.0508,39.6,0.00152689,128.427
5000,3,0.3048,31.7,0.00529514,113.858
6300,2,0.2286,39.6,0.00346574,116.417
1000,12.3,0.1016,31.7,0.0418756,119.777
630,8.4,0.0508,39.6,0.00566229,126.045
800,9.5,0.0254,71.3,0.00420654,127.206
3150,0,0.0254,55.5,0.00041229,130.503
630,8.9,0.1016,71.3,0.0103088,138.423
1600,0,0.1016,39.6,0.00146332,133.261
630,0,0.1016,55.5,0.00131983,126.17
8000,0,0.0508,55.5,0.00076193,130.156
1600,4,0.2286,31.7,0.00509068,125.229
10000,4,0.2286,71.3,0.00400603,113.108
1250,4,0.2286,31.7,0.00509068,128.119
2500,4,0.3048,39.6,0.00579636,120.233
500,9.9,0.1524,55.5,0.0208438,127.815
250,11.2,0.0508,71.3,0.014072,127.101
250,22.2,0.0254,39.6,0.0229028,117.386
2500,5.3,0.2286,39.6,0.00614329,116.151
2000,3.3,0.1016,39.6,0.00245138,132.301
2000,0,0.2286,71.3,0.00214345,128.244
10000,12.7,0.0254,71.3,0.0121808,114.418
6300,0,0.1524,71.3,0.0015988,125.427
500,4,0.3048,39.6,0.00579636,130.173
630,0,0.3048,31.7,0.00331266,129.095
16000,0,0.1524,71.3,0.0015988,113.297
250,7.3,0.2286,55.5,0.0111706,136.384
5000,4.2,0.0508,39.6,0.00152689,129.777
2500,15.4,0.0508,31.7,0.0289853,119.945
200,15.6,0.1016,71.3,0.0437259,130.898
800,1.5,0.3048,39.6,0.00392107,128.831
5000,2,0.2286,39.6,0.00346574,118.827
4000,0,0.0254,55.5,0.00041229,133.223
2000,5.4,0.1524,39.6,0.00485029,124.647
315,15.6,0.1016,39.6,0.0528487,122.754
6300,0,0.1016,71.3,0.00121072,129.395
800,6.7,0.1016,39.6,0.00578076,134.625
800,6.7,0.1016,55.5,0.0052139,135.953
6300,9.9,0.1524,39.6,0.0233328,109.885
315,12.3,0.1016,55.5,0.0368233,135.674
4000,12.3,0.1016,31.7,0.0418756,108.407
5000,8.4,0.0508,71.3,0.00529514,121.146
500,3,0.3048,39.6,0.00495741,127.632
4000,0,0.3048,39.6,0.00310138,119.229
2000,8.9,0.1016,71.3,0.0103088,124.233
6300,9.5,0.0254,55.5,0.0043284,124.222
250,15.6,0.1016,39.6,0.0528487,124.644
10000,0,0.0254,39.6,0.000428464,133.376
1000,15.4,0.0508,71.3,0.0264269,131.865
6300,12.3,0.1016,55.5,0.0368233,110.124
400,2,0.2286,55.5,0.00313525,122.292
800,0,0.2286,31.7,0.0027238,130.725
800,12.6,0.1524,71.3,0.0483159,123.054
1000,15.6,0.1016,71.3,0.0437259,124.438
200,0,0.3048,31.7,0.00331266,117.195
400,5.4,0.1524,31.7,0.00525474,127.781
800,0,0.1524,39.6,0.00193287,127.903
1250,12.6,0.1524,71.3,0.0483159,120.154
3150,19.7,0.0508,71.3,0.0341183,116.225
6300,15.4,0.0508,31.7,0.0289853,108.185
3150,12.7,0.0254,71.3,0.0121808,133.758
12500,0,0.3048,39.6,0.00310138,109.619
5000,12.3,0.1016,71.3,0.0337792,116.108
10000,0,0.0508,39.6,0.000791822,125.998
6300,12.3,0.1016,31.7,0.0418756,107.267
6300,9.5,0.0254,71.3,0.00420654,127.246
8000,4.2,0.0508,39.6,0.00152689,120.397
250,9.9,0.1524,71.3,0.0193001,135.329
1250,11.2,0.0508,71.3,0.014072,136.191
315,7.3,0.2286,71.3,0.0104404,139.808
1250,0,0.1016,55.5,0.00131983,131.43
2000,9.9,0.1524,71.3,0.0193001,120.779
400,5.3,0.2286,71.3,0.0051942,127.7
400,12.6,0.1524,71.3,0.0483159,127.094
1600,0,0.3048,71.3,0.00266337,127.591
8000,0,0.1016,39.6,0.00146332,122.341
1250,12.7,0.0254,71.3,0.0121808,133.048
5000,7.2,0.1524,71.3,0.00752039,118.343
630,17.4,0.0254,39.6,0.0172206,124.514
250,12.7,0.0254,39.6,0.0130253,121.547
250,8.9,0.1016,39.6,0.0124596,134.34
2000,5.4,0.1524,31.7,0.00525474,122.771
4000,22.2,0.0254,39.6,0.0229028,119.646
10000,0,0.1524,71.3,0.0015988,120.247
1600,0,0.1524,39.6,0.00193287,131.013
1600,0,0.0254,31.7,0.000439472,129.267
5000,4,0.2286,71.3,0.00400603,121.118
500,5.4,0.1524,55.5,0.00433288,129.367
3150,12.3,0.1016,71.3,0.0337792,120.798
3150,0,0.3048,55.5,0.00283081,123.236
1250,0,0.1524,31.7,0.00209405,131.467
630,0,0.1524,55.5,0.00172668,123.583
400,12.6,0.1524,39.6,0.0584113,115.91
4000,0,0.2286,31.7,0.0027238,122.035
800,0,0.3048,39.6,0.00310138,129.099
6300,4,0.3048,71.3,0.00497773,116.165
315,2,0.2286,39.6,0.00346574,120.137
1600,5.4,0.1524,71.3,0.00401199,133.241
5000,4.2,0.0508,71.3,0.00142788,132.828
1600,17.4,0.0254,71.3,0.016104,126.406
4000,9.5,0.0254,31.7,0.00461377,126.736
2000,19.7,0.0508,39.6,0.036484,117.724
12500,0,0.0508,31.7,0.000812164,119.07
2000,4.8,0.0254,71.3,0.000848633,128.398
2000,0,0.0508,55.5,0.00076193,131.456
2000,2,0.2286,55.5,0.00313525,124.612
2000,12.6,0.1524,71.3,0.0483159,117.504
1250,4,0.2286,39.6,0.00473801,128.339
200,8.9,0.1016,39.6,0.0124596,133.42
4000,0,0.0254,31.7,0.000439472,137.047
2500,0,0.0254,31.7,0.000439472,132.897
8000,0,0.1524,55.5,0.00172668,121.903
800,3,0.3048,71.3,0.00425727,129.494
12500,0,0.1016,55.5,0.00131983,119.91
800,9.5,0.0254,31.7,0.00461377,130.746
5000,0,0.0254,55.5,0.00041229,135.803
5000,8.9,0.1016,71.3,0.0103088,116.723
1250,17.4,0.0254,39.6,0.0172206,131.364
3150,4.2,0.0508,39.6,0.00152689,133.587
3150,17.4,0.0254,55.5,0.0165706,124.101
1250,0,0.2286,39.6,0.00253511,129.395
5000,8.9,0.1016,39.6,0.0124596,113.08
3150,3.3,0.1016,55.5,0.002211,130.629
20000,4.8,0.0254,71.3,0.000848633,119.708
2500,17.4,0.0254,31.7,0.0176631,124.166
3150,5.4,0.1524,71.3,0.00401199,123.311
1250,3.3,0.1016,31.7,0.00251435,134.022
16000,0,0.0254,39.6,0.000428464,124.986
5000,15.4,0.0508,71.3,0.0264269,119.135
3150,8.4,0.0508,55.5,0.00544854,128.402
200,11.2,0.0508,71.3,0.014072,125.941
1600,7.3,0.2286,55.5,0.0111706,123.354
2500,2,0.2286,31.7,0.00372371,121.407
1600,8.4,0.0508,55.5,0.00544854,133.032
1600,2,0.2286,39.6,0.00346574,125.837
250,17.4,0.0254,31.7,0.0176631,116.956
2500,0,0.2286,39.6,0.00253511,125.025
1000,4.8,0.0254,31.7,0.000930789,125.348
1000,12.3,0.1016,39.6,0.0408268,122.435
2500,4,0.2286,71.3,0.00400603,124.338
2500,4,0.2286,31.7,0.00509068,120.209
4000,0,0.3048,71.3,0.00266337,123.061
2500,9.5,0.0254,39.6,0.00449821,131.234
6300,12.6,0.1524,71.3,0.0483159,107.284
400,8.9,0.1016,71.3,0.0103088,138.123
8000,0,0.1016,31.7,0.00150092,120.193
10000,1.5,0.3048,71.3,0.00336729,113.492
630,1.5,0.3048,39.6,0.00392107,128.311
630,2.7,0.1524,71.3,0.00243851,127.404
8000,0,0.0254,71.3,0.000400682,129.867
400,15.4,0.0508,55.5,0.0271925,126.5
4000,5.4,0.1524,39.6,0.00485029,117.137
10000,2.7,0.1524,39.6,0.00294804,112.589
800,15.6,0.1016,71.3,0.0437259,124.188
1000,5.4,0.1524,31.7,0.00525474,128.241
500,8.9,0.1016,71.3,0.0103088,138.523
4000,15.4,0.0508,55.5,0.0271925,120.92
1000,22.2,0.0254,39.6,0.0229028,128.416
2000,8.4,0.0508,39.6,0.00566229,129.965
4000,5.3,0.2286,71.3,0.0051942,120.33
6300,12.3,0.1016,71.3,0.0337792,113.958
630,9.9,0.1524,55.5,0.0208438,127.315
1600,3,0.3048,71.3,0.00425727,126.514
2500,4.2,0.0508,39.6,0.00152689,133.847
8000,3.3,0.1016,31.7,0.00251435,117.432
5000,0,0.1016,71.3,0.00121072,130.795
1600,15.4,0.0508,55.5,0.0271925,128.2
4000,3.3,0.1016,71.3,0.00202822,128.704
250,5.3,0.2286,39.6,0.00614329,127.011
1000,0,0.1524,55.5,0.00172668,128.583
400,15.4,0.0508,31.7,0.0289853,123.705
800,4,0.3048,39.6,0.00579636,130.723
4000,9.9,0.1524,71.3,0.0193001,115.079
630,22.2,0.0254,71.3,0.0214178,120.657
5000,0,0.1524,39.6,0.00193287,123.453
315,12.7,0.0254,39.6,0.0130253,123.537
1600,8.4,0.0508,39.6,0.00566229,130.965
1250,8.9,0.1016,39.6,0.0124596,127.71
8000,17.4,0.0254,71.3,0.016104,115.466
1000,9.9,0.1524,31.7,0.0252785,122.149
10000,4.2,0.0508,71.3,0.00142788,121.238
1000,2.7,0.1524,39.6,0.00294804,130.589
400,15.4,0.0508,39.6,0.0282593,125.353
3150,2,0.2286,71.3,0.00293031,126.116
400,7.2,0.1524,71.3,0.00752039,130.123
4000,2,0.2286,31.7,0.00372371,120.527
2500,15.4,0.0508,71.3,0.0264269,127.625
12500,4,0.3048,71.3,0.00497773,107.405
4000,17.4,0.0254,31.7,0.0176631,121.996
315,15.6,0.1016,71.3,0.0437259,133.808
800,7.3,0.2286,71.3,0.0104404,130.748
315,19.7,0.0508,39.6,0.036484,129.864
2000,12.3,0.1016,55.5,0.0368233,118.564
3150,0,0.1016,39.6,0.00146332,130.961
4000,2,0.2286,55.5,0.00313525,122.232
800,15.4,0.0508,55.5,0.0271925,130.43
1000,0,0.1016,55.5,0.00131983,129.8
2000,0,0.0254,39.6,0.000428464,130.026
10000,0,0.1016,71.3,0.00121072,123.305
3150,3,0.3048,39.6,0.00495741,118.922
800,3.3,0.1016,31.7,0.00251435,131.362
630,0,0.2286,55.5,0.00229336,126.16
2500,3.3,0.1016,31.7,0.00251435,130.392
1250,17.4,0.0254,71.3,0.016104,126.356
8000,3.3,0.1016,71.3,0.00202822,121.234
10000,3.3,0.1016,71.3,0.00202822,116.694
1000,3.3,0.1016,55.5,0.002211,131.129
800,7.3,0.2286,39.6,0.0123481,126.299
2500,0,0.2286,55.5,0.00229336,126.54
3150,22.2,0.0254,71.3,0.0214178,124.127
1600,9.9,0.1524,71.3,0.0193001,121.789
5000,0,0.3048,71.3,0.00266337,121.301
5000,1.5,0.3048,71.3,0.00336729,119.632
4000,0,0.0508,39.6,0.000791822,135.308
250,19.7,0.0508,39.6,0.036484,127.224
1250,19.7,0.0508,71.3,0.0341183,121.485
1600,0,0.1524,71.3,0.0015988,129.667
6300,2,0.2286,55.5,0.00313525,118.712
2500,9.9,0.1524,31.7,0.0252785,114.729
4000,7.3,0.2286,39.6,0.0123481,114.079
1600,19.7,0.0508,39.6,0.036484,117.604
2500,9.9,0.1524,39.6,0.0233328,116.295
1600,3.3,0.1016,55.5,0.002211,133.649
1250,7.2,0.1524,39.6,0.00909175,122.428
6300,0,0.0508,31.7,0.000812164,130.34
3150,4.2,0.0508,71.3,0.00142788,133.728
8000,1.5,0.3048,39.6,0.00392107,112.251
2000,4.2,0.0508,71.3,0.00142788,129.848
2000,15.4,0.0508,31.7,0.0289853,120.835
5000,2,0.2286,55.5,0.00313525,120.472
2500,0,0.1524,31.7,0.00209405,125.867
1250,22.2,0.0254,71.3,0.0214178,140.987
4000,0,0.3048,31.7,0.00331266,118.145
6300,0,0.3048,31.7,0.00331266,113.775
1000,4,0.2286,55.5,0.0042862,132.134
1000,8.4,0.0508,55.5,0.00544854,130.722
800,0,0.3048,71.3,0.00266337,126.201
315,12.3,0.1016,71.3,0.0337792,137.068
800,0,0.3048,55.5,0.00283081,128.086
4000,15.4,0.0508,31.7,0.0289853,115.635
2500,0,0.0508,39.6,0.000791822,134.938
8000,0,0.3048,71.3,0.00266337,117.151
200,22.2,0.0254,39.6,0.0229028,116.066
1000,2,0.2286,71.3,0.00293031,128.956
315,0,0.3048,39.6,0.00310138,122.779
1000,4.8,0.0254,39.6,0.000907475,122.956
500,9.5,0.0254,55.5,0.0043284,123.082
400,15.4,0.0508,71.3,0.0264269,126.805
1250,8.4,0.0508,39.6,0.00566229,131.205
500,9.9,0.1524,71.3,0.0193001,131.279
5000,12.6,0.1524,71.3,0.0483159,108.034
3150,0,0.1524,39.6,0.00193287,125.603
500,11.2,0.0508,71.3,0.014072,130.311
1250,2,0.2286,39.6,0.00346574,128.257
4000,17.4,0.0254,71.3,0.016104,125.586
630,5.4,0.1524,31.7,0.00525474,131.471
1000,11.2,0.0508,39.6,0.0150478,132.43
1250,1.5,0.3048,39.6,0.00392107,125.211
5000,17.4,0.0254,55.5,0.0165706,118.941
400,7.3,0.2286,55.5,0.0111706,135.924
2500,7.3,0.2286,55.5,0.0111706,118.994
2500,0,0.1016,39.6,0.00146332,132.611
2500,8.4,0.0508,31.7,0.00580776,125.576
2000,17.4,0.0254,31.7,0.0176631,124.356
500,2,0.2286,39.6,0.00346574,125.157
5000,4.8,0.0254,71.3,0.000848633,135.468
1000,7.2,0.1524,39.6,0.00909175,128.338
4000,4.8,0.0254,55.5,0.000873218,133.924
2000,4.2,0.0508,39.6,0.00152689,132.587
2500,12.6,0.1524,39.6,0.0584113,106.88
1250,0,0.1524,55.5,0.00172668,129.953
2500,0,0.2286,31.7,0.0027238,123.445
630,15.4,0.0508,55.5,0.0271925,129.33
1600,4.8,0.0254,31.7,0.000930789,128.718
8000,7.2,0.1524,71.3,0.00752039,113.333
6300,0,0.0508,55.5,0.00076193,132.796
250,12.7,0.0254,71.3,0.0121808,119.698
1600,6.7,0.1016,71.3,0.00478288,136.678
800,5.3,0.2286,39.6,0.00614329,129.491
630,15.6,0.1016,39.6,0.0528487,118.084
2500,12.3,0.1016,55.5,0.0368233,117.054
3150,12.6,0.1524,71.3,0.0483159,113.334
1600,12.3,0.1016,39.6,0.0408268,117.875
4000,12.7,0.0254,39.6,0.0130253,126.537
3150,8.4,0.0508,71.3,0.00529514,131.966
4000,4,0.2286,31.7,0.00509068,118.859
2000,0,0.0254,55.5,0.00041229,127.623
800,12.6,0.1524,39.6,0.0584113,116.56
8000,0,0.3048,39.6,0.00310138,114.779
6300,12.7,0.0254,39.6,0.0130253,123.177
1000,15.4,0.0508,31.7,0.0289853,124.525
6300,5.4,0.1524,55.5,0.00433288,117.287
5000,1.5,0.3048,39.6,0.00392107,116.241
1600,7.3,0.2286,39.6,0.0123481,121.059
2500,3.3,0.1016,55.5,0.002211,132.889
3150,2,0.2286,55.5,0.00313525,123.742
800,2.7,0.1524,39.6,0.00294804,128.829
4000,15.4,0.0508,39.6,0.0282593,118.113
1250,7.3,0.2286,39.6,0.0123481,123.189
500,0,0.1524,39.6,0.00193287,119.513
6300,4.8,0.0254,55.5,0.000873218,135.164
6300,12.7,0.0254,71.3,0.0121808,125.398
2000,8.9,0.1016,39.6,0.0124596,119.04
1250,12.6,0.1524,39.6,0.0584113,112.16
4000,5.3,0.2286,39.6,0.00614329,115.801
2500,12.6,0.1524,71.3,0.0483159,115.234
630,5.4,0.1524,71.3,0.00401199,128.971
315,7.3,0.2286,39.6,0.0123481,132.149
400,0,0.2286,31.7,0.0027238,123.635
1000,0,0.1016,39.6,0.00146332,130.781
1600,8.9,0.1016,71.3,0.0103088,128.763
4000,22.2,0.0254,71.3,0.0214178,123.917
1000,17.4,0.0254,55.5,0.0165706,126.001
2000,8.4,0.0508,31.7,0.00580776,127.686
6300,5.4,0.1524,71.3,0.00401199,116.411
5000,7.3,0.2286,71.3,0.0104404,115.298
2000,2,0.2286,31.7,0.00372371,123.037
2000,4,0.2286,71.3,0.00400603,126.218
315,12.6,0.1524,39.6,0.0584113,116.02
500,5.4,0.1524,71.3,0.00401199,126.291
800,11.2,0.0508,39.6,0.0150478,133.79
10000,0,0.0254,31.7,0.000439472,134.227
1000,15.4,0.0508,55.5,0.0271925,130.4
2500,0,0.1016,71.3,0.00121072,132.595
4000,11.2,0.0508,71.3,0.014072,122.471
2000,4.8,0.0254,39.6,0.000907475,128.916
2500,7.3,0.2286,39.6,0.0123481,116.559
6300,0,0.0254,71.3,0.000400682,134.987
6300,2.7,0.1524,39.6,0.00294804,119.209
250,12.3,0.1016,55.5,0.0368233,133.294
800,15.4,0.0508,31.7,0.0289853,125.555
3150,4,0.2286,55.5,0.0042862,122.394
12500,0,0.0508,55.5,0.00076193,125.376
315,7.2,0.1524,39.6,0.00909175,130.558
2000,7.3,0.2286,39.6,0.0123481,117.809
3150,12.7,0.0254,39.6,0.0130253,127.847
1250,3.3,0.1016,71.3,0.00202822,132.304
2500,15.6,0.1016,39.6,0.0528487,110.264
500,5.4,0.1524,39.6,0.00485029,129.937
800,0,0.2286,55.5,0.00229336,127.53
3150,4,0.3048,71.3,0.00497773,121.775
6300,4.8,0.0254,39.6,0.000907475,134.336
2000,9.5,0.0254,55.5,0.0043284,134.052
8000,22.2,0.0254,71.3,0.0214178,121.657
315,8.9,0.1016,71.3,0.0103088,136.583
8000,15.4,0.0508,71.3,0.0264269,112.675
800,8.4,0.0508,71.3,0.00529514,127.556
12500,0,0.0254,71.3,0.000400682,133.207
2500,12.3,0.1016,31.7,0.0418756,110.317
1000,0,0.2286,31.7,0.0027238,130.595
500,17.4,0.0254,55.5,0.0165706,119.621
1600,0,0.0508,39.6,0.000791822,130.908
800,0,0.3048,31.7,0.00331266,129.235
12500,2.7,0.1524,39.6,0.00294804,108.649
12500,0,0.1016,71.3,0.00121072,119.375
800,4,0.3048,71.3,0.00497773,131.755
1250,15.6,0.1016,39.6,0.0528487,118.214
6300,9.9,0.1524,71.3,0.0193001,112.039
200,15.4,0.0508,31.7,0.0289853,119.975
4000,0,0.1016,71.3,0.00121072,130.935
500,15.6,0.1016,71.3,0.0437259,130.638
1600,2.7,0.1524,71.3,0.00243851,130.644
3150,8.4,0.0508,31.7,0.00580776,122.086
800,0,0.0508,71.3,0.000740478,130.96
20000,4,0.2286,71.3,0.00400603,109.638
500,19.7,0.0508,71.3,0.0341183,126.995
10000,3.3,0.1016,39.6,0.00245138,115.321
400,12.3,0.1016,55.5,0.0368233,136.414
1600,0,0.1016,31.7,0.00150092,133.553
200,19.7,0.0508,71.3,0.0341183,118.005
630,5.4,0.1524,55.5,0.00433288,131.807
6300,12.6,0.1524,39.6,0.0584113,103.38
315,0,0.2286,39.6,0.00253511,121.055
5000,0,0.0508,39.6,0.000791822,134.308
2500,0,0.0508,31.7,0.000812164,134.87
5000,12.7,0.0254,71.3,0.0121808,128.978
400,9.9,0.1524,55.5,0.0208438,131.605
6300,5.3,0.2286,39.6,0.00614329,112.541
1000,11.2,0.0508,71.3,0.014072,136.941
1250,7.3,0.2286,71.3,0.0104404,127.358
2500,4.8,0.0254,55.5,0.000873218,129.144
1600,0,0.1524,55.5,0.00172668,130.183
1000,8.4,0.0508,31.7,0.00580776,129.516
1000,1.5,0.3048,71.3,0.00336729,125.992
2500,4,0.2286,55.5,0.0042862,122.384
400,12.3,0.1016,31.7,0.0418756,123.207
500,9.9,0.1524,31.7,0.0252785,127.179
800,15.4,0.0508,39.6,0.0282593,128.423
2000,0,0.1524,39.6,0.00193287,129.633
2500,0,0.0508,71.3,0.000740478,131.31
1000,8.9,0.1016,39.6,0.0124596,129.58
500,6.7,0.1016,55.5,0.0052139,129.343
315,22.2,0.0254,71.3,0.0214178,115.857
1000,2,0.2286,31.7,0.00372371,130.307
2000,2.7,0.1524,71.3,0.00243851,130.114
2000,5.4,0.1524,55.5,0.00433288,128.707
630,4,0.2286,39.6,0.00473801,129.579
6300,0,0.1524,55.5,0.00172668,123.303
500,8.9,0.1016,39.6,0.0124596,133.79
4000,5.4,0.1524,71.3,0.00401199,121.431
1250,0,0.2286,71.3,0.00214345,128.144
200,15.4,0.0508,55.5,0.0271925,122.94
3150,0,0.0254,39.6,0.000428464,133.276
2500,5.3,0.2286,71.3,0.0051942,123.74
250,12.3,0.1016,71.3,0.0337792,131.568
1000,3,0.3048,71.3,0.00425727,129.004
3150,9.5,0.0254,55.5,0.0043284,133.252
1600,15.4,0.0508,31.7,0.0289853,121.485
400,2,0.2286,31.7,0.00372371,123.417
12500,0,0.0254,39.6,0.000428464,129.116
6300,9.9,0.1524,55.5,0.0208438,110.555
250,15.4,0.0508,31.7,0.0289853,121.225
400,17.4,0.0254,39.6,0.0172206,115.444
5000,9.9,0.1524,71.3,0.0193001,114.569
4000,9.5,0.0254,71.3,0.00420654,134.236
500,0,0.3048,39.6,0.00310138,126.959
500,0,0.1524,55.5,0.00172668,120.573
315,9.5,0.0254,31.7,0.00461377,122.766
1000,6.7,0.1016,55.5,0.0052139,137.233
10000,0,0.3048,31.7,0.00331266,108.265
8000,4.8,0.0254,71.3,0.000848633,131.518
2000,3.3,0.1016,31.7,0.00251435,131.642
3150,3.3,0.1016,71.3,0.00202822,132.114
1000,3.3,0.1016,31.7,0.00251435,133.012
2500,4,0.2286,39.6,0.00473801,119.649
500,7.3,0.2286,31.7,0.0132672,128.169
6300,0,0.3048,71.3,0.00266337,119.541
8000,3,0.3048,55.5,0.00452492,113.799
16000,0,0.0254,71.3,0.000400682,130.477
8000,0,0.0508,71.3,0.000740478,130.89
1600,7.3,0.2286,71.3,0.0104404,125.728
800,5.3,0.2286,71.3,0.0051942,133.48
630,3.3,0.1016,39.6,0.00245138,127.251
630,12.6,0.1524,71.3,0.0483159,123.304
6300,4,0.2286,55.5,0.0042862,117.154
10000,4.2,0.0508,39.6,0.00152689,116.967
2000,5.3,0.2286,71.3,0.0051942,125.89
500,0,0.2286,31.7,0.0027238,126.675
800,3.3,0.1016,71.3,0.00202822,131.074
6300,0,0.0254,55.5,0.00041229,136.103
2000,6.7,0.1016,55.5,0.0052139,129.653
1250,0,0.2286,55.5,0.00229336,127.91
250,4,0.3048,39.6,0.00579636,123.543
315,9.9,0.1524,39.6,0.0233328,128.595
400,15.6,0.1016,39.6,0.0528487,120.484
2500,15.4,0.0508,55.5,0.0271925,125.63
10000,3,0.3048,55.5,0.00452492,112.169
4000,7.2,0.1524,71.3,0.00752039,119.343
1000,0,0.0254,31.7,0.000439472,125.127
1600,3.3,0.1016,31.7,0.00251435,133.402
6300,3,0.3048,39.6,0.00495741,114.042
315,15.4,0.0508,39.6,0.0282593,124.493
315,0,0.2286,55.5,0.00229336,119.54
2500,19.7,0.0508,39.6,0.036484,116.184
12500,0,0.1524,55.5,0.00172668,117.093
1000,0,0.3048,55.5,0.00283081,126.966
2000,9.9,0.1524,39.6,0.0233328,117.925
1250,3,0.3048,31.7,0.00529514,124.838
2500,5.4,0.1524,39.6,0.00485029,120.497
5000,22.2,0.0254,71.3,0.0214178,125.727
1000,3,0.3048,39.6,0.00495741,128.312
6300,3.3,0.1016,31.7,0.00251435,120.702
1600,0,0.0508,31.7,0.000812164,131.01
630,11.2,0.0508,39.6,0.0150478,133.13
250,9.5,0.0254,39.6,0.00449821,116.924
3150,3,0.3048,31.7,0.00529514,118.108
5000,4,0.3048,71.3,0.00497773,117.785
1600,2,0.2286,31.7,0.00372371,125.797
1250,4,0.2286,71.3,0.00400603,131.718
3150,2.7,0.1524,71.3,0.00243851,127.054
1250,15.4,0.0508,39.6,0.0282593,126.743
2500,0,0.0254,39.6,0.000428464,131.836
2500,9.9,0.1524,55.5,0.0208438,118.365
630,2,0.2286,31.7,0.00372371,129.057
1600,0,0.0508,71.3,0.000740478,129.68
400,3,0.3048,71.3,0.00425727,127.564
5000,12.3,0.1016,39.6,0.0408268,108.625
1250,0,0.3048,31.7,0.00331266,124.355
8000,0,0.1524,31.7,0.00209405,117.957
8000,2,0.2286,71.3,0.00293031,115.996
1250,0,0.1524,39.6,0.00193287,131.023
6300,0,0.2286,31.7,0.0027238,116.815
6300,1.5,0.3048,39.6,0.00392107,114.751
1600,5.4,0.1524,39.6,0.00485029,126.267
2500,11.2,0.0508,39.6,0.0150478,122.17
10000,4,0.3048,71.3,0.00497773,110.905
250,17.4,0.0254,39.6,0.0172206,114.714
315,4,0.3048,71.3,0.00497773,128.175
1000,5.3,0.2286,39.6,0.00614329,125.581
4000,0,0.2286,39.6,0.00253511,123.465
2500,12.7,0.0254,71.3,0.0121808,134.058
3150,22.2,0.0254,39.6,0.0229028,120.856
500,12.7,0.0254,39.6,0.0130253,127.127
2000,8.4,0.0508,71.3,0.00529514,134.476
630,3,0.3048,39.6,0.00495741,129.292
1600,1.5,0.3048,71.3,0.00336729,126.632
500,2,0.2286,55.5,0.00313525,124.692
8000,12.7,0.0254,71.3,0.0121808,120.538
1250,9.5,0.0254,31.7,0.00461377,131.446
2000,0,0.3048,31.7,0.00331266,122.375
400,12.7,0.0254,71.3,0.0121808,125.048
1250,17.4,0.0254,31.7,0.0176631,128.306
1600,3.3,0.1016,71.3,0.00202822,133.664
5000,0,0.1016,55.5,0.00131983,128.36
250,15.6,0.1016,71.3,0.0437259,132.158
2000,0,0.1016,39.6,0.00146332,133.251
4000,4,0.2286,71.3,0.00400603,121.728
500,7.3,0.2286,71.3,0.0104404,136.798
2000,0,0.2286,31.7,0.0027238,123.455
6300,2.7,0.1524,71.3,0.00243851,121.944
12500,2.7,0.1524,71.3,0.00243851,113.034
3150,9.5,0.0254,39.6,0.00449821,129.934
500,9.5,0.0254,39.6,0.00449821,123.894
1000,6.7,0.1016,71.3,0.00478288,136.758
200,9.9,0.1524,71.3,0.0193001,134.319
2500,9.5,0.0254,55.5,0.0043284,134.152
8000,3.3,0.1016,55.5,0.002211,120.569
4000,9.5,0.0254,39.6,0.00449821,127.864
1250,0,0.2286,31.7,0.0027238,128.805
1250,11.2,0.0508,39.6,0.0150478,130.05
315,17.4,0.0254,55.5,0.0165706,111.911
1600,6.7,0.1016,39.6,0.00578076,127.375
1000,9.5,0.0254,71.3,0.00420654,129.556
6300,7.2,0.1524,39.6,0.00909175,112.688
1600,9.5,0.0254,39.6,0.00449821,131.184
5000,3.3,0.1016,71.3,0.00202822,127.054
1000,0,0.2286,55.5,0.00229336,128.29
2000,9.5,0.0254,31.7,0.00461377,130.496
5000,2,0.2286,71.3,0.00293031,122.816
8000,4.8,0.0254,31.7,0.000930789,127.008
2000,4.8,0.0254,55.5,0.000873218,125.054
2500,8.9,0.1016,39.6,0.0124596,119.19
4000,12.6,0.1524,39.6,0.0584113,104.5
4000,4,0.3048,71.3,0.00497773,119.535
630,11.2,0.0508,71.3,0.014072,133.611
2000,0,0.1524,31.7,0.00209405,128.907
400,8.4,0.0508,55.5,0.00544854,121.582
400,4,0.2286,31.7,0.00509068,126.149
630,2,0.2286,71.3,0.00293031,127.356
630,6.7,0.1016,71.3,0.00478288,131.448
2000,9.9,0.1524,31.7,0.0252785,116.859
2500,17.4,0.0254,71.3,0.016104,126.746
400,8.4,0.0508,31.7,0.00580776,120.076
1600,12.6,0.1524,71.3,0.0483159,120.534
630,4.8,0.0254,31.7,0.000930789,120.078
630,0,0.1016,31.7,0.00150092,126.413
5000,9.5,0.0254,39.6,0.00449821,125.044
1250,4,0.2286,55.5,0.0042862,131.264
12500,0,0.2286,71.3,0.00214345,117.624
630,3,0.3048,71.3,0.00425727,129.354
3150,4.8,0.0254,55.5,0.000873218,132.354
3150,9.5,0.0254,71.3,0.00420654,136.166
315,7.3,0.2286,31.7,0.0132672,130.239
250,17.4,0.0254,71.3,0.016104,113.796
1000,4.2,0.0508,39.6,0.00152689,125.647
1000,4,0.3048,71.3,0.00497773,131.015
2500,1.5,0.3048,39.6,0.00392107,120.981
5000,4,0.2286,55.5,0.0042862,120.034
400,2,0.2286,39.6,0.00346574,122.147
4000,7.3,0.2286,31.7,0.0132672,112.639
8000,0,0.1016,55.5,0.00131983,124.45
2500,3,0.3048,71.3,0.00425727,124.024
630,15.4,0.0508,71.3,0.0264269,129.645
400,1.5,0.3048,39.6,0.00392107,124.001
12500,0,0.0508,71.3,0.000740478,125.22
4000,9.5,0.0254,55.5,0.0043284,131.582
4000,7.3,0.2286,55.5,0.0111706,117.284
500,12.6,0.1524,39.6,0.0584113,114.9
10000,2,0.2286,71.3,0.00293031,113.086
800,17.4,0.0254,31.7,0.0176631,139.226
630,0,0.1524,39.6,0.00193287,124.403
250,12.3,0.1016,31.7,0.0418756,125.857
1000,4,0.3048,39.6,0.00579636,128.723
2000,15.4,0.0508,39.6,0.0282593,123.443
3150,8.4,0.0508,39.6,0.00566229,123.965
630,12.3,0.1016,39.6,0.0408268,121.315
2000,4,0.2286,31.7,0.00509068,122.089
5000,15.6,0.1016,39.6,0.0528487,106.224
4000,2.7,0.1524,39.6,0.00294804,121.889
630,15.6,0.1016,71.3,0.0437259,122.288
2500,11.2,0.0508,71.3,0.014072,130.541
630,7.3,0.2286,55.5,0.0111706,130.934
1000,22.2,0.0254,71.3,0.0214178,134.247
400,17.4,0.0254,31.7,0.0176631,120.766
8000,4.2,0.0508,71.3,0.00142788,125.268
1250,5.3,0.2286,71.3,0.0051942,133.38
10000,7.2,0.1524,39.6,0.00909175,110.868
10000,0,0.1016,55.5,0.00131983,121.93
500,11.2,0.0508,39.6,0.0150478,131.96
5000,4,0.3048,39.6,0.00579636,113.733
5000,12.3,0.1016,31.7,0.0418756,107.147
500,0,0.2286,55.5,0.00229336,123.78
500,12.3,0.1016,55.5,0.0368233,133.774
3150,7.2,0.1524,39.6,0.00909175,111.818
315,15.4,0.0508,55.5,0.0271925,125.39
315,5.4,0.1524,39.6,0.00485029,125.347
2000,15.6,0.1016,39.6,0.0528487,110.894
800,3.3,0.1016,55.5,0.002211,129.119
315,11.2,0.0508,39.6,0.0150478,128.99
8000,0,0.0508,31.7,0.000812164,126.59
500,8.4,0.0508,31.7,0.00580776,122.966
1000,5.4,0.1524,39.6,0.00485029,130.507
400,6.7,0.1016,39.6,0.00578076,128.295
250,4,0.2286,31.7,0.00509068,120.189
1250,19.7,0.0508,39.6,0.036484,118.634
8000,4,0.2286,55.5,0.0042862,112.524
12500,4.8,0.0254,55.5,0.000873218,125.094
1600,12.6,0.1524,39.6,0.0584113,110.78
200,17.4,0.0254,39.6,0.0172206,114.044
400,19.7,0.0508,39.6,0.036484,130.614
5000,3.3,0.1016,39.6,0.00245138,122.371
6300,15.6,0.1016,39.6,0.0528487,104.204
4000,2,0.2286,39.6,0.00346574,120.227
2000,1.5,0.3048,39.6,0.00392107,122.101
800,1.5,0.3048,71.3,0.00336729,127.122
1250,2.7,0.1524,71.3,0.00243851,130.144
200,17.4,0.0254,31.7,0.0176631,116.146
2000,15.4,0.0508,71.3,0.0264269,129.285
5000,2.7,0.1524,39.6,0.00294804,121.499
2000,0,0.0254,31.7,0.000439472,130.697
400,4,0.3048,39.6,0.00579636,128.633
4000,4.8,0.0254,71.3,0.000848633,134.928
630,0,0.3048,55.5,0.00283081,127.696
2500,2,0.2286,55.5,0.00313525,123.862
10000,0,0.0254,55.5,0.00041229,134.563
2000,11.2,0.0508,71.3,0.014072,133.311
3150,5.4,0.1524,39.6,0.00485029,119.137
800,0,0.1016,31.7,0.00150092,129.053
4000,5.4,0.1524,55.5,0.00433288,119.737
5000,12.7,0.0254,39.6,0.0130253,125.107
400,19.7,0.0508,71.3,0.0341183,123.865
1250,5.4,0.1524,39.6,0.00485029,127.117
800,5.4,0.1524,55.5,0.00433288,133.097
800,7.2,0.1524,71.3,0.00752039,136.023
200,12.6,0.1524,39.6,0.0584113,114.75
800,2,0.2286,39.6,0.00346574,129.037
1250,0,0.1016,31.7,0.00150092,133.063
4000,3.3,0.1016,31.7,0.00251435,124.852
400,0,0.3048,31.7,0.00331266,125.045
1250,2,0.2286,71.3,0.00293031,128.816
10000,12.7,0.0254,39.6,0.0130253,116.017
500,8.4,0.0508,55.5,0.00544854,123.742
1600,17.4,0.0254,39.6,0.0172206,127.614
3150,0,0.0508,39.6,0.000791822,135.938
3150,4.8,0.0254,31.7,0.000930789,134.268
250,8.9,0.1016,71.3,0.0103088,134.533
10000,0,0.3048,71.3,0.00266337,115.391
800,22.2,0.0254,39.6,0.0229028,137.076
1000,0,0.3048,39.6,0.00310138,127.899
5000,5.4,0.1524,55.5,0.00433288,118.757
5000,3.3,0.1016,31.7,0.00251435,122.082
1000,4,0.2286,71.3,0.00400603,131.708
500,8.4,0.0508,39.6,0.00566229,122.905
400,17.4,0.0254,55.5,0.0165706,115.461
1250,3.3,0.1016,55.5,0.002211,132.769
6300,3.3,0.1016,55.5,0.002211,123.839
16000,0,0.1524,55.5,0.00172668,112.803
5000,3,0.3048,71.3,0.00425727,118.134
500,5.3,0.2286,39.6,0.00614329,132.251
4000,12.3,0.1016,39.6,0.0408268,110.905
630,0,0.3048,39.6,0.00310138,128.629
4000,0,0.3048,55.5,0.00283081,121.106
800,8.4,0.0508,39.6,0.00566229,128.435
400,5.3,0.2286,39.6,0.00614329,131.221
3150,4.8,0.0254,71.3,0.000848633,133.378
5000,0,0.3048,31.7,0.00331266,115.645
4000,0,0.0508,31.7,0.000812164,134.11
630,12.7,0.0254,39.6,0.0130253,128.867
3150,3.3,0.1016,31.7,0.00251435,128.252
1000,7.3,0.2286,55.5,0.0111706,125.194
500,3,0.3048,55.5,0.00452492,128.179
200,17.4,0.0254,71.3,0.016104,112.506
3150,9.9,0.1524,31.7,0.0252785,112.209
4000,4.2,0.0508,39.6,0.00152689,131.807
1250,2,0.2286,55.5,0.00313525,128.762
400,8.4,0.0508,39.6,0.00566229,120.015
2500,0,0.0254,71.3,0.000400682,133.707
2500,0,0.3048,31.7,0.00331266,120.755
2000,0,0.1016,71.3,0.00121072,132.095
800,3.3,0.1016,39.6,0.00245138,129.991
6300,0,0.0508,71.3,0.000740478,133.04
6300,4.8,0.0254,31.7,0.000930789,132.898
5000,0,0.1524,31.7,0.00209405,122.397
400,15.6,0.1016,71.3,0.0437259,134.058
315,4,0.2286,31.7,0.00509068,123.609
1600,15.4,0.0508,71.3,0.0264269,130.065
8000,12.7,0.0254,39.6,0.0130253,120.607
250,7.2,0.1524,39.6,0.00909175,127.488
630,9.9,0.1524,31.7,0.0252785,126.049
4000,8.4,0.0508,39.6,0.00566229,118.955
5000,15.4,0.0508,39.6,0.0282593,114.453
4000,7.3,0.2286,71.3,0.0104404,119.208
1600,8.9,0.1016,39.6,0.0124596,123.82
800,0,0.1524,71.3,0.0015988,125.817
3150,7.2,0.1524,71.3,0.00752039,116.783
1600,3,0.3048,55.5,0.00452492,124.439
1000,3,0.3048,31.7,0.00529514,126.838
1250,0,0.0508,31.7,0.000812164,129.27
5000,8.4,0.0508,55.5,0.00544854,115.812
3150,0,0.1524,55.5,0.00172668,127.753
4000,9.9,0.1524,39.6,0.0233328,112.265
1600,0,0.1016,55.5,0.00131983,132.05
1000,0,0.3048,71.3,0.00266337,125.201
6300,9.5,0.0254,31.7,0.00461377,120.726
630,9.9,0.1524,39.6,0.0233328,126.465
2500,17.4,0.0254,55.5,0.0165706,124.931
1000,8.9,0.1016,71.3,0.0103088,135.433
16000,1.5,0.3048,71.3,0.00336729,106.582
630,15.4,0.0508,31.7,0.0289853,124.685
400,4,0.2286,55.5,0.0042862,123.274
400,9.9,0.1524,31.7,0.0252785,128.939
2000,7.2,0.1524,39.6,0.00909175,120.228
2000,17.4,0.0254,55.5,0.0165706,125.261
400,5.4,0.1524,71.3,0.00401199,124.121
315,9.9,0.1524,71.3,0.0193001,135.459
1000,4,0.2286,31.7,0.00509068,129.869
1000,0,0.1524,71.3,0.0015988,127.307
630,9.5,0.0254,71.3,0.00420654,125.726
800,2,0.2286,31.7,0.00372371,130.307
2500,5.4,0.1524,31.7,0.00525474,119.151
3150,0,0.2286,71.3,0.00214345,127.834
2000,6.7,0.1016,71.3,0.00478288,134.568
200,9.9,0.1524,39.6,0.0233328,127.315
10000,0,0.1016,39.6,0.00146332,119.561
6300,3,0.3048,31.7,0.00529514,109.718
4000,0,0.1016,55.5,0.00131983,129.5
3150,5.4,0.1524,31.7,0.00525474,118.291
315,4,0.3048,39.6,0.00579636,126.843
8000,5.3,0.2286,71.3,0.0051942,114.9
10000,3.3,0.1016,55.5,0.002211,115.659
1000,7.3,0.2286,39.6,0.0123481,122.539
4000,15.4,0.0508,71.3,0.0264269,122.675
5000,3,0.3048,39.6,0.00495741,115.792
315,5.4,0.1524,31.7,0.00525474,125.741
3150,0,0.3048,39.6,0.00310138,120.319
8000,7.2,0.1524,39.6,0.00909175,111.588
1000,7.3,0.2286,71.3,0.0104404,126.838
630,2,0.2286,55.5,0.00313525,126.842
2000,0,0.3048,39.6,0.00310138,123.689
3150,5.3,0.2286,39.6,0.00614329,118.441
200,9.5,0.0254,31.7,0.00461377,119.146
1600,9.9,0.1524,31.7,0.0252785,117.119
12500,1.5,0.3048,71.3,0.00336729,109.222
500,1.5,0.3048,39.6,0.00392107,126.661
2000,11.2,0.0508,39.6,0.0150478,124.42
400,4,0.2286,39.6,0.00473801,123.879
2000,12.7,0.0254,39.6,0.0130253,129.567
6300,0,0.0254,31.7,0.000439472,138.537
1600,4,0.3048,39.6,0.00579636,123.213
500,9.5,0.0254,31.7,0.00461377,126.886
1250,12.7,0.0254,39.6,0.0130253,130.777
1000,3,0.3048,55.5,0.00452492,129.329
4000,7.2,0.1524,39.6,0.00909175,114.258
630,7.3,0.2286,39.6,0.0123481,128.929
5000,5.4,0.1524,71.3,0.00401199,120.061
1000,2,0.2286,55.5,0.00313525,129.002
800,3,0.3048,55.5,0.00452492,129.949
800,12.3,0.1016,55.5,0.0368233,125.114
1250,5.4,0.1524,71.3,0.00401199,134.111
3150,9.9,0.1524,39.6,0.0233328,113.525
500,9.9,0.1524,39.6,0.0233328,126.835
3150,17.4,0.0254,71.3,0.016104,126.536
400,17.4,0.0254,71.3,0.016104,117.396
8000,0,0.0254,31.7,0.000439472,137.207
1250,0,0.1016,39.6,0.00146332,132.271
3150,6.7,0.1016,71.3,0.00478288,124.458
1250,6.7,0.1016,39.6,0.00578076,132.395
1250,7.3,0.2286,55.5,0.0111706,125.724
5000,12.6,0.1524,39.6,0.0584113,104.13
1600,5.4,0.1524,31.7,0.00525474,123.761
2500,2.7,0.1524,39.6,0.00294804,125.589
2500,19.7,0.0508,71.3,0.0341183,118.385
6300,4.8,0.0254,71.3,0.000848633,134.498
1250,6.7,0.1016,55.5,0.0052139,136.883
1000,5.4,0.1524,55.5,0.00433288,132.127
800,4,0.2286,31.7,0.00509068,130.869
1250,9.9,0.1524,31.7,0.0252785,118.619
1250,2,0.2286,31.7,0.00372371,128.677
4000,8.9,0.1016,71.3,0.0103088,120.243
4000,0,0.2286,71.3,0.00214345,125.824
3150,4.8,0.0254,39.6,0.000907475,133.436
500,5.4,0.1524,31.7,0.00525474,129.681
200,7.3,0.2286,31.7,0.0132672,128.679
4000,8.9,0.1016,39.6,0.0124596,116.22
2000,15.4,0.0508,55.5,0.0271925,127.04
3150,0,0.0254,31.7,0.000439472,135.227
5000,9.9,0.1524,31.7,0.0252785,109.949
630,19.7,0.0508,71.3,0.0341183,128.365
6300,15.4,0.0508,39.6,0.0282593,109.663
5000,0,0.0508,31.7,0.000812164,133.23
2000,8.4,0.0508,55.5,0.00544854,133.042
10000,0,0.1016,31.7,0.00150092,115.893
6300,22.2,0.0254,71.3,0.0214178,123.127
800,9.9,0.1524,31.7,0.0252785,125.539
500,17.4,0.0254,71.3,0.016104,119.806
630,9.9,0.1524,71.3,0.0193001,129.889
5000,4,0.2286,31.7,0.00509068,115.969
1000,12.6,0.1524,39.6,0.0584113,114.67
800,4,0.2286,39.6,0.00473801,130.469
4000,9.9,0.1524,55.5,0.0208438,112.945
2000,3.3,0.1016,71.3,0.00202822,134.034
1000,9.9,0.1524,55.5,0.0208438,124.665
500,2,0.2286,71.3,0.00293031,126.486
800,12.7,0.0254,71.3,0.0121808,130.348
5000,0,0.3048,39.6,0.00310138,117.789
630,3.3,0.1016,55.5,0.002211,126.599
3150,0,0.0508,31.7,0.000812164,135.49
1600,4.2,0.0508,39.6,0.00152689,130.197
2000,0,0.0508,31.7,0.000812164,133.01
6300,15.4,0.0508,71.3,0.0264269,115.215
1250,7.3,0.2286,31.7,0.0132672,120.509
6300,8.9,0.1016,71.3,0.0103088,117.253
3150,4,0.2286,31.7,0.00509068,120.229
1600,19.7,0.0508,71.3,0.0341183,120.575
2000,2,0.2286,39.6,0.00346574,122.797
630,0,0.2286,31.7,0.0027238,129.465
250,7.3,0.2286,71.3,0.0104404,139.918
500,4,0.2286,31.7,0.00509068,128.939
1000,7.2,0.1524,71.3,0.00752039,134.273
400,11.2,0.0508,71.3,0.014072,129.281
1600,3,0.3048,39.6,0.00495741,122.782
400,12.3,0.1016,71.3,0.0337792,139.428
2000,0,0.3048,55.5,0.00283081,126.616
2500,6.7,0.1016,55.5,0.0052139,124.273
500,2,0.2286,31.7,0.00372371,126.677
10000,0,0.0508,55.5,0.00076193,127.636
800,7.3,0.2286,55.5,0.0111706,128.444
3150,7.3,0.2286,39.6,0.0123481,114.309
2500,7.3,0.2286,71.3,0.0104404,122.088
3150,4,0.3048,39.6,0.00579636,118.743
2000,15.6,0.1016,71.3,0.0437259,119.888
1600,12.7,0.0254,39.6,0.0130253,129.977
2500,3,0.3048,39.6,0.00495741,120.162
3150,0,0.2286,31.7,0.0027238,123.445
4000,1.5,0.3048,71.3,0.00336729,121.762
800,5.4,0.1524,31.7,0.00525474,131.491
6300,4.2,0.0508,39.6,0.00152689,125.717
2000,0,0.2286,39.6,0.00253511,125.305
2500,5.4,0.1524,55.5,0.00433288,124.077
630,4,0.2286,71.3,0.00400603,129.038
8000,0,0.0254,39.6,0.000428464,135.866
4000,0,0.1524,71.3,0.0015988,128.857
1250,9.5,0.0254,71.3,0.00420654,131.656
2000,17.4,0.0254,71.3,0.016104,126.826
3150,0,0.1524,31.7,0.00209405,124.207
1000,3.3,0.1016,71.3,0.00202822,131.434
5000,2.7,0.1524,71.3,0.00243851,124.364
8000,0,0.1524,71.3,0.0015988,122.527
250,17.4,0.0254,55.5,0.0165706,110.491
500,22.2,0.0254,39.6,0.0229028,129.776
630,17.4,0.0254,31.7,0.0176631,136.886
2500,9.5,0.0254,31.7,0.00461377,130.086
4000,0,0.0508,55.5,0.00076193,134.946
16000,4.8,0.0254,55.5,0.000873218,124.394
3150,7.3,0.2286,55.5,0.0111706,117.134
3150,2.7,0.1524,39.6,0.00294804,122.919
1250,9.5,0.0254,55.5,0.0043284,132.202
5000,4,0.2286,39.6,0.00473801,117.649
630,0,0.2286,39.6,0.00253511,128.705
3150,0,0.1016,71.3,0.00121072,131.955
4000,12.6,0.1524,71.3,0.0483159,108.034
6300,2,0.2286,71.3,0.00293031,120.786
1250,4,0.3048,71.3,0.00497773,129.395
800,5.4,0.1524,39.6,0.00485029,132.757
2000,6.7,0.1016,39.6,0.00578076,122.235
4000,19.7,0.0508,39.6,0.036484,108.684
1250,0,0.3048,39.6,0.00310138,125.499
6300,7.2,0.1524,71.3,0.00752039,116.603
1000,9.9,0.1524,71.3,0.0193001,126.349
3150,0,0.1016,55.5,0.00131983,131.78
800,0,0.0508,55.5,0.00076193,124.336
4000,4.8,0.0254,39.6,0.000907475,134.996
200,8.9,0.1016,71.3,0.0103088,133.503
315,3,0.3048,39.6,0.00495741,123.312
2500,9.5,0.0254,71.3,0.00420654,135.956
1000,0,0.0508,71.3,0.000740478,129.45
4000,17.4,0.0254,55.5,0.0165706,121.771
630,7.3,0.2286,71.3,0.0104404,133.768
1250,12.3,0.1016,55.5,0.0368233,124.214
4000,0,0.1016,31.7,0.00150092,126.933
10000,0,0.1524,39.6,0.00193287,115.413
315,11.2,0.0508,71.3,0.014072,128.381
2000,4,0.2286,39.6,0.00473801,121.659
6300,0,0.2286,39.6,0.00253511,117.465
1250,9.5,0.0254,39.6,0.00449821,130.964
2000,7.3,0.2286,55.5,0.0111706,120.354
500,4,0.3048,71.3,0.00497773,130.715
5000,4.8,0.0254,55.5,0.000873218,135.484
500,17.4,0.0254,31.7,0.0176631,127.676
4000,0,0.0508,71.3,0.000740478,134.43
5000,17.4,0.0254,39.6,0.0172206,119.854
1600,11.2,0.0508,39.6,0.0150478,126.54
800,4,0.2286,55.5,0.0042862,131.864
1000,12.3,0.1016,55.5,0.0368233,125.484
6300,4,0.2286,39.6,0.00473801,114.249
315,2,0.2286,31.7,0.00372371,120.147
5000,9.5,0.0254,55.5,0.0043284,128.412
1600,9.5,0.0254,31.7,0.00461377,131.036
1000,8.4,0.0508,71.3,0.00529514,129.946
5000,5.4,0.1524,39.6,0.00485029,117.037
2000,0,0.0508,39.6,0.000791822,132.918
12500,4.2,0.0508,71.3,0.00142788,117.328
315,9.9,0.1524,31.7,0.0252785,128.809
800,2,0.2286,55.5,0.00313525,128.492
630,5.4,0.1524,39.6,0.00485029,132.357
10000,0,0.1524,55.5,0.00172668,119.253
1600,11.2,0.0508,71.3,0.014072,135.191
6300,3,0.3048,55.5,0.00452492,115.679
800,12.3,0.1016,71.3,0.0337792,127.318
1600,9.9,0.1524,39.6,0.0233328,118.545
5000,0,0.0508,55.5,0.00076193,134.556
1000,9.9,0.1524,39.6,0.0233328,123.835
315,5.3,0.2286,39.6,0.00614329,129.691
1250,3.3,0.1016,39.6,0.00245138,133.211
500,12.3,0.1016,31.7,0.0418756,118.667
4000,3,0.3048,39.6,0.00495741,116.792
1250,4.8,0.0254,39.6,0.000907475,125.026
1600,2,0.2286,55.5,0.00313525,126.752
6300,17.4,0.0254,55.5,0.0165706,114.861
3150,4,0.2286,39.6,0.00473801,120.419
20000,0,0.0254,55.5,0.00041229,121.933
5000,4.8,0.0254,31.7,0.000930789,135.248
800,17.4,0.0254,39.6,0.0172206,135.324
400,9.5,0.0254,55.5,0.0043284,120.952
1600,4,0.2286,39.6,0.00473801,125.319
10000,4.8,0.0254,55.5,0.000873218,126.944
1600,0,0.1016,71.3,0.00121072,131.725
6300,12.3,0.1016,39.6,0.0408268,107.985
5000,0,0.0254,39.6,0.000428464,136.536
3150,15.4,0.0508,39.6,0.0282593,120.513
800,4,0.2286,71.3,0.00400603,130.688
1250,8.4,0.0508,31.7,0.00580776,130.156
5000,0,0.3048,55.5,0.00283081,119.606
2500,0,0.0254,55.5,0.00041229,130.073
630,12.6,0.1524,39.6,0.0584113,116.55
16000,0,0.3048,71.3,0.00266337,108.721
200,0,0.3048,39.6,0.00310138,118.129
3150,17.4,0.0254,39.6,0.0172206,123.564
5000,0,0.2286,39.6,0.00253511,122.175
3150,9.5,0.0254,31.7,0.00461377,128.536
500,12.3,0.1016,39.6,0.0408268,122.205
2500,2,0.2286,39.6,0.00346574,121.397
800,0,0.1016,39.6,0.00146332,128.401
1600,9.5,0.0254,55.5,0.0043284,133.062
500,12.6,0.1524,71.3,0.0483159,121.664
315,1.5,0.3048,39.6,0.00392107,121.851
200,9.5,0.0254,39.6,0.00449821,116.074
3150,8.9,0.1016,71.3,0.0103088,123.263
800,0,0.1016,55.5,0.00131983,127.92
1250,3,0.3048,71.3,0.00425727,127.634
1250,15.4,0.0508,31.7,0.0289853,123.255
800,8.9,0.1016,39.6,0.0124596,130.94
1250,8.4,0.0508,71.3,0.00529514,132.086
3150,15.4,0.0508,55.5,0.0271925,123.46
2500,22.2,0.0254,39.6,0.0229028,121.306
5000,0,0.0254,31.7,0.000439472,138.607
1600,12.3,0.1016,55.5,0.0368233,121.824
250,12.3,0.1016,39.6,0.0408268,129.675
4000,0,0.1524,55.5,0.00172668,127.233
5000,0,0.2286,31.7,0.0027238,120.505
500,17.4,0.0254,39.6,0.0172206,117.514
6300,0,0.3048,55.5,0.00283081,117.976
20000,0,0.0254,71.3,0.000400682,123.217
1000,1.5,0.3048,39.6,0.00392107,127.581
1250,0,0.0508,39.6,0.000791822,129.148
315,6.7,0.1016,31.7,0.00592927,126.266
1250,0,0.1016,71.3,0.00121072,130.335
6300,9.9,0.1524,31.7,0.0252785,108.689
800,9.5,0.0254,55.5,0.0043284,128.082
1250,4.8,0.0254,31.7,0.000930789,127.408
2500,8.4,0.0508,71.3,0.00529514,134.226
2000,17.4,0.0254,39.6,0.0172206,126.644
630,5.3,0.2286,71.3,0.0051942,131.8
10000,2.7,0.1524,71.3,0.00243851,116.724
12500,1.5,0.3048,39.6,0.00392107,106.111
2000,1.5,0.3048,71.3,0.00336729,126.642
3150,2,0.2286,39.6,0.00346574,121.627
630,17.4,0.0254,71.3,0.016104,122.606
3150,9.9,0.1524,71.3,0.0193001,116.849
5000,7.3,0.2286,39.6,0.0123481,111.959
315,0,0.2286,31.7,0.0027238,120.595
1000,7.3,0.2286,31.7,0.0132672,119.099
5000,7.3,0.2286,31.7,0.0132672,111.029
200,12.3,0.1016,39.6,0.0408268,128.545
5000,0,0.2286,71.3,0.00214345,124.304
2000,3,0.3048,71.3,0.00425727,125.524
10000,0,0.3048,39.6,0.00310138,112.139
1000,17.4,0.0254,39.6,0.0172206,138.274
1250,0,0.1524,71.3,0.0015988,128.927
3150,12.6,0.1524,39.6,0.0584113,106.26
8000,4,0.2286,71.3,0.00400603,112.848
800,0,0.1524,55.5,0.00172668,126.713
315,22.2,0.0254,39.6,0.0229028,120.716
800,8.9,0.1016,71.3,0.0103088,137.813
6300,15.4,0.0508,55.5,0.0271925,112.93
6300,0,0.1016,31.7,0.00150092,124.253
8000,5.4,0.1524,55.5,0.00433288,114.927
1600,7.3,0.2286,31.7,0.0132672,119.039
400,0,0.2286,55.5,0.00229336,121.66
6300,4,0.2286,71.3,0.00400603,118.618
2500,0,0.1524,39.6,0.00193287,126.863
2500,7.2,0.1524,71.3,0.00752039,124.353
1000,9.5,0.0254,31.7,0.00461377,131.346
3150,0,0.0254,71.3,0.000400682,137.007
1600,2,0.2286,71.3,0.00293031,127.796
2000,0,0.2286,55.5,0.00229336,126.54
1000,6.7,0.1016,39.6,0.00578076,134.515
500,0,0.1524,31.7,0.00209405,121.617
4000,8.4,0.0508,71.3,0.00529514,126.926
315,12.3,0.1016,39.6,0.0408268,129.415
1250,3,0.3048,55.5,0.00452492,127.329
10000,7.2,0.1524,71.3,0.00752039,110.313
3150,11.2,0.0508,39.6,0.0150478,119.67
8000,0,0.1016,71.3,0.00121072,125.465
1600,0,0.2286,71.3,0.00214345,129.134
5000,3.3,0.1016,55.5,0.002211,124.839
1600,0,0.2286,55.5,0.00229336,126.79
8000,1.5,0.3048,71.3,0.00336729,115.372
1000,0,0.0508,39.6,0.000791822,127.638
315,8.9,0.1016,39.6,0.0124596,135.38
4000,12.7,0.0254,71.3,0.0121808,131.808
4000,3,0.3048,71.3,0.00425727,120.264
2000,22.2,0.0254,71.3,0.0214178,127.197
1000,3.3,0.1016,39.6,0.00245138,131.971
500,6.7,0.1016,39.6,0.00578076,130.955
6300,0,0.1524,39.6,0.00193287,121.313
6300,0,0.2286,71.3,0.00214345,122.044
400,3,0.3048,55.5,0.00452492,126.159
4000,15.6,0.1016,71.3,0.0437259,113.298
500,12.3,0.1016,71.3,0.0337792,140.158
250,9.9,0.1524,31.7,0.0252785,128.559
800,6.7,0.1016,71.3,0.00478288,134.478
200,15.6,0.1016,39.6,0.0528487,123.514
8000,0,0.1524,39.6,0.00193287,120.553
1600,15.6,0.1016,71.3,0.0437259,121.528
10000,0,0.0254,71.3,0.000400682,130.787
2500,15.6,0.1016,71.3,0.0437259,118.998
1250,8.4,0.0508,55.5,0.00544854,132.252
2000,0,0.1524,55.5,0.00172668,129.673
3150,0,0.2286,39.6,0.00253511,124.625
2500,4.8,0.0254,31.7,0.000930789,132.588
2000,0,0.0508,71.3,0.000740478,131.06
500,4.8,0.0254,31.7,0.000930789,116.128
1250,1.5,0.3048,71.3,0.00336729,125.872
400,9.9,0.1524,71.3,0.0193001,135.079
2500,0,0.0508,55.5,0.00076193,133.956
1000,15.6,0.1016,39.6,0.0528487,119.224
6300,7.3,0.2286,71.3,0.0104404,115.818
500,0,0.2286,39.6,0.00253511,126.195
250,9.5,0.0254,31.7,0.00461377,120.136
250,11.2,0.0508,39.6,0.0150478,126.43
10000,0,0.0508,71.3,0.000740478,128.74
16000,0,0.2286,71.3,0.00214345,114.984
4000,1.5,0.3048,39.6,0.00392107,117.741
4000,4,0.2286,39.6,0.00473801,119.159
20000,0,0.2286,71.3,0.00214345,114.474
250,15.4,0.0508,39.6,0.0282593,122.893
6300,0,0.0254,39.6,0.000428464,136.826
800,7.3,0.2286,31.7,0.0132672,123.209
20000,4.8,0.0254,55.5,0.000873218,121.284
630,8.9,0.1016,39.6,0.0124596,131.92
10000,4.8,0.0254,39.6,0.000907475,126.066
200,12.3,0.1016,55.5,0.0368233,132.304
1000,17.4,0.0254,31.7,0.0176631,131.796
1000,12.3,0.1016,71.3,0.0337792,127.928
400,0,0.3048,39.6,0.00310138,124.809
6300,3.3,0.1016,71.3,0.00202822,124.904
2000,7.3,0.2286,71.3,0.0104404,122.708
1250,12.3,0.1016,71.3,0.0337792,126.648
3150,0,0.2286,55.5,0.00229336,125.16
2000,9.5,0.0254,39.6,0.00449821,131.274
1600,15.6,0.1016,39.6,0.0528487,114.554
1600,1.5,0.3048,39.6,0.00392107,122.211
8000,0,0.0508,39.6,0.000791822,128.518
250,19.7,0.0508,71.3,0.0341183,119.115
2500,3,0.3048,31.7,0.00529514,119.598
3150,15.6,0.1016,39.6,0.0528487,109.254
2500,0,0.3048,55.5,0.00283081,124.106
800,3,0.3048,39.6,0.00495741,129.552
400,4,0.3048,71.3,0.00497773,129.575
1000,12.7,0.0254,39.6,0.0130253,130.947
5000,12.3,0.1016,55.5,0.0368233,112.014
1600,6.7,0.1016,31.7,0.00592927,124.346
400,6.7,0.1016,31.7,0.00592927,128.296
2000,2.7,0.1524,39.6,0.00294804,128.139
800,4.8,0.0254,31.7,0.000930789,122.648
4000,2,0.2286,71.3,0.00293031,124.086
630,2,0.2286,39.6,0.00346574,127.417
1250,22.2,0.0254,39.6,0.0229028,126.446
1250,0,0.0254,31.7,0.000439472,127.947
1000,5.3,0.2286,71.3,0.0051942,134
4000,4.2,0.0508,71.3,0.00142788,133.598
1250,2.7,0.1524,39.6,0.00294804,130.829
8000,2.7,0.1524,71.3,0.00243851,120.534
500,7.2,0.1524,39.6,0.00909175,132.658
2500,2,0.2286,71.3,0.00293031,127.006
400,8.9,0.1016,39.6,0.0124596,135.54
3150,3.3,0.1016,39.6,0.00245138,128.401
1250,15.4,0.0508,55.5,0.0271925,130
1250,6.7,0.1016,71.3,0.00478288,137.658
2500,15.4,0.0508,39.6,0.0282593,122.413
12500,0,0.1524,71.3,0.0015988,117.087
6300,4.2,0.0508,71.3,0.00142788,129.308
5000,0,0.1016,31.7,0.00150092,124.393
6300,2,0.2286,31.7,0.00372371,115.137
630,12.3,0.1016,31.7,0.0418756,119.287
2000,5.4,0.1524,71.3,0.00401199,131.111
1600,9.9,0.1524,55.5,0.0208438,119.875
200,11.2,0.0508,39.6,0.0150478,125.01
5000,9.9,0.1524,39.6,0.0233328,111.135
8000,4,0.3048,71.3,0.00497773,113.665
2500,0,0.3048,39.6,0.00310138,121.399
1250,0,0.0508,55.5,0.00076193,127.076
1250,5.3,0.2286,39.6,0.00614329,125.721
6300,7.3,0.2286,31.7,0.0132672,110.689
3150,8.9,0.1016,39.6,0.0124596,119.35
6300,4,0.2286,31.7,0.00509068,112.699
1600,22.2,0.0254,71.3,0.0214178,131.817
200,15.4,0.0508,71.3,0.0264269,123.595
3150,17.4,0.0254,31.7,0.0176631,123.466
5000,17.4,0.0254,31.7,0.0176631,117.996
3150,19.7,0.0508,39.6,0.036484,113.004
1600,5.3,0.2286,71.3,0.0051942,130.46
500,15.4,0.0508,39.6,0.0282593,125.963
4000,2.7,0.1524,71.3,0.00243851,126.534
6300,3,0.3048,71.3,0.00425727,116.134
2000,12.7,0.0254,71.3,0.0121808,134.228
500,6.7,0.1016,31.7,0.00592927,130.206
